Direction Cosines:
l = 0.957704
m = 0.159617
n = 0.239426
